;curs;nominal;date
0;65.85452727272728;1.0;2018-10-01
1;66.35568095238095;1.0;2018-11-01
2;67.33531363636364;1.0;2018-12-01
3;66.51254374999999;1.0;2019-01-01
4;65.810525;1.0;2019-02-01
5;65.09225714285715;1.0;2019-03-01
6;64.60310476190476;1.0;2019-04-01
7;64.81870555555555;1.0;2019-05-01
8;64.16905;1.0;2019-06-01
9;63.22268181818181;1.0;2019-07-01
10;65.58748260869565;1.0;2019-08-01
11;64.958705;1.0;2019-09-01
12;64.37499130434783;1.0;2019-10-01
13;63.86711904761904;1.0;2019-11-01
14;62.932538095238094;1.0;2019-12-01
15;61.81214705882353;1.0;2020-01-01
16;63.97975;1.0;2020-02-01
17;73.71944210526316;1.0;2020-03-01
18;74.76353333333333;1.0;2020-04-01
19;72.50029444444445;1.0;2020-05-01
20;69.196715;1.0;2020-06-01
21;71.29407391304348;1.0;2020-07-01
22;73.79810952380953;1.0;2020-08-01
23;75.72798636363636;1.0;2020-09-01
24;77.66354782608695;1.0;2020-10-01
25;76.83946842105263;1.0;2020-11-01
26;74.2167043478261;1.0;2020-12-01
27;74.392475;1.0;2021-01-01
28;74.3168157894737;1.0;2021-02-01
29;74.39713333333333;1.0;2021-03-01
30;76.14393181818183;1.0;2021-04-01
31;74.00427368421053;1.0;2021-05-01
32;72.61685714285714;1.0;2021-06-01
33;73.88989130434783;1.0;2021-07-01
34;73.58273333333334;1.0;2021-08-01
35;72.92621818181819;1.0;2021-09-01
36;71.45009090909092;1.0;2021-10-01
37;72.69891052631579;1.0;2021-11-01
38;73.76931304347826;1.0;2021-12-01
39;76.59474666666667;1.0;2022-01-01
40;77.16937368421053;1.0;2022-02-01
41;103.47004545454546;1.0;2022-03-01
42;77.89918636363636;1.0;2022-04-01
43;63.312741176470595;1.0;2022-05-01
44;57.178557142857144;1.0;2022-06-01
45;58.221399999999996;1.0;2022-07-01
46;60.391918181818184;1.0;2022-08-01
47;59.82150000000001;1.0;2022-09-01
48;61.11584285714286;1.0;2022-10-01
49;61.69085;1.0;2022-11-01
